Iteration | LR | Training Loss | Validation Loss | Accuracy | Time
391 | 0.10000 | 1.51502 | 1.26661 | 54.53000 | 16.3
782 | 0.10000 | 1.01621 | 1.27986 | 55.94000 | 15.9
1173 | 0.10000 | 0.81531 | 0.73641 | 74.41000 | 16.0
1564 | 0.10000 | 0.68161 | 0.76568 | 74.17000 | 16.0
1955 | 0.10000 | 0.59234 | 0.64207 | 77.74000 | 16.1
2346 | 0.10000 | 0.53191 | 0.54484 | 81.42000 | 16.1
2737 | 0.10000 | 0.48622 | 0.49874 | 83.09000 | 16.2
3128 | 0.10000 | 0.44516 | 0.54033 | 81.72000 | 16.2
3519 | 0.10000 | 0.41996 | 0.46133 | 84.30000 | 16.2
3910 | 0.10000 | 0.39182 | 0.47757 | 83.94000 | 16.2
4301 | 0.10000 | 0.37070 | 0.55714 | 81.71000 | 16.3
4692 | 0.10000 | 0.34861 | 0.54148 | 82.35000 | 16.4
5083 | 0.10000 | 0.33501 | 0.38240 | 87.30000 | 16.4
5474 | 0.10000 | 0.31935 | 0.46885 | 84.68000 | 16.4
5865 | 0.10000 | 0.30565 | 0.42344 | 86.40000 | 16.5
6256 | 0.10000 | 0.29783 | 0.44250 | 85.32000 | 16.5
6647 | 0.10000 | 0.28802 | 0.41086 | 85.95000 | 16.5
7038 | 0.10000 | 0.28150 | 0.48232 | 84.86000 | 16.5
7429 | 0.10000 | 0.27008 | 0.39796 | 86.69000 | 16.6
7820 | 0.10000 | 0.26016 | 0.42920 | 86.02000 | 16.6
8211 | 0.10000 | 0.25292 | 0.47547 | 85.49000 | 16.7
8602 | 0.10000 | 0.25584 | 0.42452 | 86.59000 | 16.7
8993 | 0.10000 | 0.24134 | 0.37432 | 87.40000 | 16.6
9384 | 0.10000 | 0.23552 | 0.36426 | 87.94000 | 16.5
9775 | 0.10000 | 0.23524 | 0.37616 | 87.29000 | 16.6
10166 | 0.10000 | 0.22819 | 0.39808 | 87.54000 | 16.6
10557 | 0.10000 | 0.21909 | 0.41311 | 86.78000 | 16.7
10948 | 0.10000 | 0.21938 | 0.47539 | 85.04000 | 16.7
11339 | 0.10000 | 0.21393 | 0.35306 | 88.50000 | 16.8
11730 | 0.10000 | 0.21280 | 0.44106 | 86.05000 | 16.8
12121 | 0.10000 | 0.20283 | 0.38598 | 87.71000 | 16.9
12512 | 0.10000 | 0.20638 | 0.43381 | 86.32000 | 16.9
12903 | 0.10000 | 0.20603 | 0.39436 | 87.35000 | 16.8
13294 | 0.10000 | 0.19428 | 0.40243 | 87.34000 | 17.0
13685 | 0.10000 | 0.19662 | 0.37179 | 88.30000 | 17.0
14076 | 0.10000 | 0.18819 | 0.39928 | 87.61000 | 16.9
14467 | 0.10000 | 0.18792 | 0.49571 | 85.26000 | 16.9
14858 | 0.10000 | 0.18959 | 0.37247 | 88.47000 | 17.1
15249 | 0.10000 | 0.18565 | 0.36043 | 88.52000 | 16.9
15640 | 0.10000 | 0.18368 | 0.46150 | 86.09000 | 17.0
16031 | 0.10000 | 0.18134 | 0.35918 | 88.86000 | 17.0
16422 | 0.10000 | 0.17854 | 0.34674 | 89.20000 | 17.1
16813 | 0.10000 | 0.17693 | 0.36165 | 88.86000 | 16.9
17204 | 0.10000 | 0.17927 | 0.34844 | 89.27000 | 16.9
17595 | 0.10000 | 0.17468 | 0.34929 | 89.35000 | 17.1
17986 | 0.10000 | 0.17044 | 0.32576 | 89.35000 | 17.0
18377 | 0.10000 | 0.16578 | 0.36501 | 89.45000 | 17.0
18768 | 0.10000 | 0.16549 | 0.38620 | 87.86000 | 17.0
19159 | 0.10000 | 0.16905 | 0.47170 | 86.45000 | 17.0
19550 | 0.10000 | 0.16444 | 0.36515 | 88.97000 | 17.1
19941 | 0.10000 | 0.16237 | 0.34780 | 88.82000 | 17.0
20332 | 0.10000 | 0.15966 | 0.36968 | 88.84000 | 17.0
20723 | 0.10000 | 0.16323 | 0.50645 | 85.57000 | 17.1
21114 | 0.10000 | 0.16340 | 0.35146 | 89.45000 | 17.0
21505 | 0.10000 | 0.16004 | 0.32589 | 89.52000 | 17.0
21896 | 0.10000 | 0.16027 | 0.44219 | 86.68000 | 17.1
22287 | 0.10000 | 0.16086 | 0.37680 | 88.34000 | 17.0
22678 | 0.10000 | 0.15307 | 0.37109 | 88.77000 | 17.1
23069 | 0.10000 | 0.15319 | 0.34740 | 89.44000 | 17.1
23460 | 0.10000 | 0.15228 | 0.44708 | 86.45000 | 17.0
23851 | 0.10000 | 0.14854 | 0.38987 | 89.05000 | 17.0
24242 | 0.10000 | 0.15222 | 0.37550 | 88.76000 | 17.0
24633 | 0.10000 | 0.14547 | 0.34412 | 89.29000 | 17.1
25024 | 0.10000 | 0.15502 | 0.35244 | 89.72000 | 17.0
25415 | 0.10000 | 0.14751 | 0.32990 | 89.40000 | 17.0
25806 | 0.10000 | 0.14994 | 0.42909 | 88.45000 | 17.1
26197 | 0.10000 | 0.15100 | 0.36044 | 88.95000 | 17.1
26588 | 0.10000 | 0.14429 | 0.39457 | 88.67000 | 17.1
26979 | 0.10000 | 0.15328 | 0.37193 | 88.82000 | 17.1
27370 | 0.10000 | 0.14177 | 0.33978 | 89.67000 | 17.2
27761 | 0.10000 | 0.14549 | 0.41316 | 88.59000 | 17.0
28152 | 0.10000 | 0.14371 | 0.31227 | 90.39000 | 17.1
28543 | 0.10000 | 0.14519 | 0.35506 | 89.57000 | 17.1
28934 | 0.10000 | 0.13832 | 0.44279 | 87.63000 | 17.1
29325 | 0.10000 | 0.14368 | 0.32406 | 89.96000 | 17.1
29716 | 0.10000 | 0.13873 | 0.34766 | 89.63000 | 17.1
30107 | 0.10000 | 0.13766 | 0.40202 | 88.61000 | 17.1
30498 | 0.10000 | 0.14159 | 0.38020 | 89.03000 | 17.1
30889 | 0.10000 | 0.13543 | 0.35799 | 89.36000 | 17.1
31280 | 0.10000 | 0.13930 | 0.47468 | 86.54000 | 17.2
31671 | 0.10000 | 0.13769 | 0.39972 | 88.17000 | 17.1
32062 | 0.01000 | 0.13077 | 0.25056 | 91.98000 | 17.2
32453 | 0.01000 | 0.06014 | 0.21751 | 93.18000 | 17.1
32844 | 0.01000 | 0.04319 | 0.21783 | 93.21000 | 17.1
33235 | 0.01000 | 0.03550 | 0.22119 | 93.47000 | 17.1
33626 | 0.01000 | 0.03249 | 0.21988 | 93.60000 | 17.1
34017 | 0.01000 | 0.02658 | 0.22170 | 93.58000 | 17.2
34408 | 0.01000 | 0.02526 | 0.22355 | 93.73000 | 17.1
34799 | 0.01000 | 0.02330 | 0.22380 | 93.67000 | 17.1
35190 | 0.01000 | 0.02079 | 0.22462 | 93.73000 | 17.1
35581 | 0.01000 | 0.01917 | 0.22784 | 93.78000 | 17.2
35972 | 0.01000 | 0.01813 | 0.23138 | 93.68000 | 17.1
36363 | 0.01000 | 0.01645 | 0.23271 | 93.86000 | 17.1
36754 | 0.01000 | 0.01537 | 0.23204 | 93.82000 | 17.1
37145 | 0.01000 | 0.01467 | 0.23897 | 93.56000 | 17.1
37536 | 0.01000 | 0.01307 | 0.23957 | 93.60000 | 17.2
37927 | 0.01000 | 0.01337 | 0.24052 | 93.79000 | 17.0
38318 | 0.01000 | 0.01282 | 0.24270 | 93.67000 | 17.0
38709 | 0.01000 | 0.01250 | 0.24132 | 93.86000 | 17.1
39100 | 0.01000 | 0.01158 | 0.24158 | 93.86000 | 17.1
39491 | 0.01000 | 0.01201 | 0.24589 | 93.85000 | 17.2
39882 | 0.01000 | 0.01078 | 0.23814 | 94.07000 | 17.1
40273 | 0.01000 | 0.01072 | 0.24320 | 94.09000 | 17.2
40664 | 0.01000 | 0.00955 | 0.23975 | 94.05000 | 17.1
41055 | 0.01000 | 0.00966 | 0.24175 | 94.07000 | 17.1
41446 | 0.01000 | 0.00911 | 0.24125 | 94.20000 | 17.1
41837 | 0.01000 | 0.00892 | 0.24699 | 94.07000 | 17.2
42228 | 0.01000 | 0.00914 | 0.24647 | 94.02000 | 17.1
42619 | 0.01000 | 0.00815 | 0.25195 | 94.03000 | 17.1
43010 | 0.01000 | 0.00861 | 0.25059 | 94.08000 | 17.2
43401 | 0.01000 | 0.00748 | 0.24989 | 94.01000 | 17.2
43792 | 0.01000 | 0.00781 | 0.25398 | 94.09000 | 17.2
44183 | 0.01000 | 0.00693 | 0.25095 | 94.02000 | 17.1
44574 | 0.01000 | 0.00744 | 0.24817 | 94.09000 | 17.1
44965 | 0.01000 | 0.00667 | 0.25121 | 94.06000 | 17.1
45356 | 0.01000 | 0.00676 | 0.25310 | 94.02000 | 17.1
45747 | 0.01000 | 0.00669 | 0.25561 | 94.03000 | 17.1
46138 | 0.01000 | 0.00600 | 0.25662 | 94.05000 | 17.2
46529 | 0.01000 | 0.00580 | 0.25753 | 94.08000 | 17.1
46920 | 0.01000 | 0.00605 | 0.26110 | 93.91000 | 17.2
47311 | 0.01000 | 0.00559 | 0.25610 | 93.96000 | 17.1
47702 | 0.01000 | 0.00574 | 0.26040 | 93.97000 | 17.1
48093 | 0.00100 | 0.00540 | 0.25763 | 93.98000 | 17.1
48484 | 0.00100 | 0.00547 | 0.25488 | 94.02000 | 17.1
48875 | 0.00100 | 0.00509 | 0.25564 | 94.03000 | 17.1
49266 | 0.00100 | 0.00510 | 0.25267 | 94.09000 | 17.1
49657 | 0.00100 | 0.00503 | 0.25537 | 94.07000 | 17.1
50048 | 0.00100 | 0.00493 | 0.25671 | 94.16000 | 17.1
50439 | 0.00100 | 0.00480 | 0.25100 | 94.21000 | 17.1
50830 | 0.00100 | 0.00444 | 0.25366 | 94.26000 | 17.1
51221 | 0.00100 | 0.00434 | 0.25389 | 94.10000 | 17.1
51612 | 0.00100 | 0.00451 | 0.25395 | 94.23000 | 17.1
52003 | 0.00100 | 0.00458 | 0.25171 | 94.19000 | 17.1
52394 | 0.00100 | 0.00440 | 0.25399 | 94.08000 | 17.1
52785 | 0.00100 | 0.00415 | 0.25316 | 94.14000 | 17.1
53176 | 0.00100 | 0.00388 | 0.25385 | 94.21000 | 17.1
53567 | 0.00100 | 0.00414 | 0.25537 | 94.13000 | 17.1
53958 | 0.00100 | 0.00404 | 0.25283 | 94.21000 | 17.1
54349 | 0.00100 | 0.00467 | 0.25590 | 94.17000 | 17.1
54740 | 0.00100 | 0.00405 | 0.25285 | 94.22000 | 17.0
55131 | 0.00100 | 0.00487 | 0.25350 | 94.21000 | 17.1
55522 | 0.00100 | 0.00410 | 0.25324 | 94.07000 | 17.1
55913 | 0.00100 | 0.00450 | 0.25109 | 94.09000 | 17.1
56304 | 0.00100 | 0.00407 | 0.25454 | 94.12000 | 17.1
56695 | 0.00100 | 0.00420 | 0.25270 | 94.17000 | 17.1
57086 | 0.00100 | 0.00455 | 0.25279 | 94.27000 | 17.1
57477 | 0.00100 | 0.00393 | 0.25170 | 94.20000 | 17.1
57868 | 0.00100 | 0.00430 | 0.25408 | 94.23000 | 17.1
58259 | 0.00100 | 0.00425 | 0.25129 | 94.21000 | 17.1
58650 | 0.00100 | 0.00406 | 0.25461 | 94.08000 | 17.1
59041 | 0.00100 | 0.00426 | 0.25495 | 94.18000 | 17.1
59432 | 0.00100 | 0.00408 | 0.25146 | 94.16000 | 17.1
59823 | 0.00100 | 0.00387 | 0.25364 | 94.14000 | 17.2
60214 | 0.00100 | 0.00408 | 0.25296 | 94.15000 | 17.1
60605 | 0.00100 | 0.00370 | 0.25232 | 94.14000 | 17.0
60996 | 0.00100 | 0.00405 | 0.25551 | 94.16000 | 17.1
61387 | 0.00100 | 0.00421 | 0.25298 | 94.11000 | 17.1
61778 | 0.00100 | 0.00375 | 0.25477 | 94.18000 | 17.0
62169 | 0.00100 | 0.00446 | 0.25128 | 94.25000 | 17.0
62560 | 0.00100 | 0.00413 | 0.25057 | 94.21000 | 17.1
62951 | 0.00100 | 0.00400 | 0.25143 | 94.22000 | 17.1
63342 | 0.00100 | 0.00401 | 0.25074 | 94.19000 | 17.1
63733 | 0.00100 | 0.00390 | 0.25470 | 94.21000 | 17.1
64000 | 0.00100 | 0.00374 | 0.25169 | 94.20000 | 12.0
